1
$|10|2

2
;|3|0
$|-1|0

3
#|0|0
$|10|2


10
id|11|0
read|13|0
write|13|0
if|110|16
dowhile|18|0
float|22|0
$|-1|0

11
=|100|12
$|-1|0

12
$|0|0

13
(|14|0
$|-1|0

14
id|15|0
$|-1|0

15
,|14|0
)|0|0
$|-1|0

16
then|10|17
$|-1|0

17
else|10|12
$|-1|0

18
(|110|21
$|-1|0

19
)|20|0
$|-1|0

20
;|10|21
$|-1|0

21
;|10|21
end|0|0
$|-1|0

22
id|23|0
$|-1|0

23
,|22|0
$|0|0

100
id|101|0
cons|101|0
(|100|102
$|-1|0

101
+|100|0
-|100|0
/|100|0
*|100|0
$|0|0

102
)|101|0
$|-1|0

110
not|110|0
[|110|111
$|100|113

111
]|112|0
$|-1|0

112
or|110|0
and|110|0
$|0|0

113
>|100|112
>=|100|112
<|100|112
<=|100|112
==|100|112
!=|100|112
$|-1|0

~